8960000 8500
8890000 4600
8645000 8050
8645000 4560
8575000 8800
8540000 6540
8295000 4880
8120000 6840
8080940 7000
8043000 7482
7980000 9000
7875000 6550
7840000 6360
7560000 6000
7525000 6000
7490000 6600
7350000 6000
7245000 9000
7210000 6000
7070000 6240
7035000 6360
7000000 11175
6930000 8880
6930000 13200
6860000 6000
6790000 12090
6685000 6600
6650000 4040
6650000 6420
6650000 6500
6650000 5700
6650000 6000
6615000 10500
6510000 8250
6440000 8580
6419000 6750
6405000 4800
6300000 9000
6195000 6350
6195000 5500
6083000 4300
6083000 9620
6020000 6800
5950000 3700
5950000 6420
5950000 6540
5950000 7320
5950000 6525
5873000 5500
5740000 6360
5600000 4700
5600000 5000
5565000 5400
5530000 6100
5495000 2817
5460000 3150
5460000 6210
5390000 6710
5250000 4260
5250000 8520
5215000 7200
5110000 3000
5110000 11410
5040000 7600
5040000 6600
4907000 4200
4900000 12900
4830000 6862
4760000 6321
4690000 6000
4655000 3745
4585000 4000
4550000 3640
4550000 2550
4543000 4990
4515000 3520
4480000 4000
4480000 8250
4473000 6360
4473000 3162
4340000 4500
4340000 3500
4319000 4032
4270000 6360
4270000 4500
4270000 4360
4270000 7770
4235000 2787
4200000 7000
4200000 4500
4098500 3600
4060000 4320
4025000 3460
3990000 3960
3920000 7260
3920000 3290
3920000 3816
3885000 3180
3850000 7152
3780000 2856
3780000 8400
3773000 8250
3773000 2520
3773000 6930
3710000 4050
3703000 5450
3675000 3630
3675000 3600
3640000 3000
3570000 3150
3570000 4500
3570000 4500
3500000 5900
3465000 2145
3430000 2145
3395000 4785
3395000 3640
3360000 3185
3353000 2700
3332000 2145
3290000 6060
3290000 2145
3220000 3120
3150000 3450
3010000 4600
2940000 2700
2835000 2640
2800000 3960
2590000 3600
2520000 3000
2380000 2475
2380000 2787
1750000 2910